1001
1002
1003
1004
1005
1006
1007
1008
10122
10140
1019
1020
1021
1030
1031
1034
1035
1040
1041
1042
1045
10469
10493
1054
10557
1057
10602
1062
10671
109
11014
11073
11101
11150
11333
11351
1141
11435
11439
1151
1165
1166
11689
1186
11985
1199
12109
1211
12116
12241
12242
12286
1229
1238
12413
1246
1247
12475
12664
1279
1280
1287
1304
13086
13118
13167
1317
1321
13213
1322
1333
1358
136
13646
13647
13648
13649
1365
13650
1381
1382
1383
1393
13983
14005
14019
14020
1418
14410
14460
14495
14531
1459
14591
1469
1471
14757
14869
14906
14959
14993
1505
1506
151
1525
15370
15390
1543
1544
1545
15524
15529
15553
15612
15618
1567
1568
15809
15834
15937
16059
16081
1612
16251
16265
163
16362
16376
16436
1645
16452
16568
16632
1664
16686
16688
16904
17102
17104
17135
1719
17192
17254
1727
17270
1728
17283
1731
17364
17382
17393
17448
1745
1746
17568
17604
17630
17764
17779
17933
18007
18238
18287
1830
18396
18466
1847
18500
1852
1855
18619
18720
18908
18937
1894
19
19084
19096
19170
1919
19221
19226
1924
1934
19363
19385
19389
19482
19525
19529
1953
1958
1962
19722
1974
1978
19871
1995
1996
1997
20
2002
2003
20072
2008
20113
20179
20181
20378
20586
20652
207
2080
20956
21025
21029
21210
213
2136
214
2151
21566
2161
21700
21765
21769
21784
21874
2199
22032
22142
22229
22374
22382
22403
22421
22535
228
22803
22848
22888
2294
230
2303
23037
2304
23111
23196
232
23245
23281
23305
23314
23316
23318
23336
23338
2334
23348
23350
23353
23404
23431
23433
23436
23454
23455
23456
23457
23459
23460
23467
23480
23482
23545
23665
23684
2378
2381
23819
2383
2388
23972
24011
24018
24019
24083
24108
24117
24125
24167
24191
24199
24216
24258
24262
24269
2428
24280
24298
24308
24312
24331
24334
24336
24363
24364
24405
24449
24465
24485
24530
24560
246
24605
24611
24623
24644
24662
24673
24679
24694
24734
24736
24760
24778
24795
24815
24819
24825
24834
24840
24849
24856
24869
2487
24894
2490
2491
25008
25055
2507
25153
25281
25340
25426
25442
25455
25458
25546
25553
2558
25592
25599
25608
25609
25610
25611
25617
25621
25631
25634
25639
25643
25657
25681
25698
257
25733
25794
258
25880
259
25942
25953
25961
25965
25979
26
26036
26060
26073
261
2615
2619
26199
262
2620
2621
2622
26275
263
26333
26383
26388
26398
264
26431
26437
26445
26505
266
26611
26626
2665
26650
2666
26675
2670
26715
26736
2678
26785
26787
26788
2679
26790
26791
26792
26793
26796
26802
26803
26805
26831
26832
26833
26834
26861
26864
26874
26916
26918
26937
27024
27069
27126
27129
27130
27139
27175
27176
27179
27182
27195
27199
27221
27275
27297
2732
27333
27336
27370
27391
27396
27401
27405
27406
27407
27408
27409
27424
27441
27473
27474
27494
27530
27534
27663
27677
27700
27727
27731
27735
27739
27770
27776
27781
27849
27851
27864
27870
27885
27912
27971
28032
28043
2817
28184
2819
28218
2824
28260
28287
28352
28375
28434
28591
28621
2863
28660
28665
28666
28722
28744
28796
28816
28824
28830
28847
2888
28903
29210
29324
29345
29357
29358
29378
29515
29521
29531
29552
29574
29606
29700
29722
29732
29795
29840
29879
2997
29993
30023
30038
301
30184
30185
30198
3021
30225
3023
30235
3026
30272
30276
30279
30282
30327
30332
30357
3039
30391
304
30420
30426
30481
30488
30494
30501
30568
3059
30599
30652
30659
30669
30672
30687
30690
30720
30730
30795
30842
309
31015
31027
31036
31172
31184
312
31272
31283
313
31303
31304
31305
31314
31342
31466
31467
31486
315
31591
31594
3160
3167
3168
317
3170
31706
31712
31726
31764
31874
31877
31878
31890
31896
31913
31919
31926
31928
31959
31967
31968
32030
32091
32099
32110
32145
32146
32153
32167
32184
32190
32210
32233
32262
32275
32276
32277
3228
323
3232
32335
32373
3238
32445
32452
32456
32458
32459
32477
32491
32493
32499
32503
32523
32528
32532
3255
32553
3257
32767
32772
32778
328
32944
3295
32986
32990
33023
3305
33073
33089
33112
33149
33150
33156
33171
33193
33363
33417
33441
33456
33457
33486
33533
33552
33553
33555
33629
33658
33674
33681
33686
33691
33730
33732
33758
33768
33770
33774
33786
33792
33855
33902
33940
34001
34015
34027
34050
34113
34117
34159
34163
34215
34227
34234
34235
34237
34269
34298
34331
34409
34438
34665
3468
3473
34741
34752
34762
3477
34780
34790
348
34821
34870
34936
34966
34982
35033
35051
35059
35098
35115
35174
35188
35190
35193
35227
35243
3525
35260
35279
35287
353
35357
35394
35402
35411
3545
35452
35475
35479
35497
35515
35524
35536
35546
35553
35612
35667
35714
35777
35779
35780
35848
35903
35907
35922
35991
35996
36005
36038
36051
36068
36091
36094
36098
36135
36137
36149
36150
36153
36168
36214
3628
36287
36305
36321
36337
3636
36441
3650
36501
36508
36543
36617
36618
36620
36637
3665
36661
36664
36702
36737
36770
36773
36782
36803
36831
36841
36865
36913
36915
36916
3692
36925
36935
36954
3697
3698
36980
37074
37085
37086
37087
37091
37132
37154
37155
37188
37213
37214
37323
37365
37366
37367
37371
37375
37414
37452
37469
37510
37518
37529
3753
37542
37543
37556
37557
3757
3759
37648
37649
37655
37690
37718
37751
37752
37804
37810
37845
37852
37859
37860
37861
37867
37938
37980
37999
38011
38052
38071
38135
38174
38230
38275
38407
38410
38438
38463
38468
38475
38503
38511
38520
38529
38549
38550
38562
38565
38566
38572
38594
38599
38741
38766
38839
38856
38857
38877
38880
38898
38902
38927
390
39028
39032
39037
391
39128
39131
39132
39198
392
39236
39475
39494
39496
39499
39614
39626
39638
39656
397
39741
39750
39783
39784
39796
39797
39798
39804
39821
39844
39909
400
4006
4007
4009
4010
40124
40134
40152
40188
40200
40237
4027
40344
40345
40379
40425
40442
40444
40462
40490
40560
40562
40598
40622
40717
4072
40786
40852
40895
409
40906
4096
4099
41016
41026
41059
41076
41077
41162
41215
41216
41230
413
41397
41466
41467
41468
41537
41615
41691
41693
41760
41808
41810
41865
41944
41945
41955
41985
42034
42041
42051
42052
42058
4207
42076
42134
42162
42166
42171
42181
42265
42290
42299
42301
42306
42330
42392
424
42407
42422
42439
4253
42543
42553
42667
42668
4272
4295
43271
4331
4332
43406
4369
438
4399
441
442
44201
45066
45082
4513
45199
45292
4530
454
45470
4549
4556
4560
458
4654
4678
4679
4696
4697
4730
47383
4756
4758
48323
487
5098
5101
5184
5185
5186
5198
5408
5428
5625
5720
574
579
58
591
592
594
595
596
602
6076
6081
610
6130
615
6150
617
618
6268
6269
6270
6271
6272
6273
6274
6375
6438
651
6519
6520
6522
6574
658
6619
6652
6670
6686
6763
679
6794
6795
6796
6797
680
6859
691
692
6956
703
7122
715
7164
7321
7391
7394
7409
772
7846
7848
785
7889
791
7928
795
7971
8187
8197
835
841
8426
8433
845
8565
8672
8779
8780
8781
8782
8783
8784
8785
8786
8787
8788
8789
8790
8791
8792
8793
8794
8795
8796
8797
8798
8799
8800
8820
8905
8912
8930
9093
937
9372
9388
9399
941
9465
9575
9576
9577
9578
9579
9580
9612
962
981
982
9825
9842
9870
9889
995
9989
